24|</s> 10 -1.3478649
24|</s> 20 -1.3818819
24|</s> 1 -1.4101026
24|</s> 6 -1.4965491
24|</s> 3 -1.5035923
24|</s> 2 -1.5220482
24|</s> 21 -1.9465401
24|</s> 11 -2.1788345
24|</s> 5 -2.3683826
24|</s> 17 -2.9766421
24|</s> 7 -3.0123199
24|</s> 22 -3.0467543
24|</s> 13 -3.14169
24|</s> 8 -3.1425694
24|</s> 16 -3.1519152
24|</s> 24 -3.1550753
24|</s> 19 -3.4232777
24|</s> 18 -3.4820347
24|</s> 23 -3.5373614
24|</s> 14 -3.5498453
24|</s> 4 -3.5503298
24|</s> 9 -3.8388582
24|</s> 15 -3.8395041
24|</s> 12 -4.139036
24|</s> 27 -4.2532625
24|</s> 26 -4.5087587
24|</s> 25 -4.5087587
25|</s> 2 -1.1867912
25|</s> 20 -1.5092299
25|</s> 3 -1.5971453
25|</s> 10 -1.7077919
25|</s> 25 -1.7231598
25|</s> 6 -1.8563841
25|</s> 9 -1.9239723
25|</s> 11 -2.0611046
25|</s> 21 -2.0664202
25|</s> 5 -2.1280857
25|</s> 1 -2.1811207
25|</s> 22 -2.2109783
25|</s> 14 -2.3429594
25|</s> 17 -2.4180933
25|</s> 19 -2.4930018
25|</s> 7 -2.500396
25|</s> 15 -2.5006861
25|</s> 13 -2.5831412
25|</s> 8 -2.5840206
25|</s> 16 -2.5933664
25|</s> 24 -2.5965265
25|</s> 4 -2.6930459
25|</s> 18 -2.9234859
25|</s> 23 -2.9788126
25|</s> 12 -3.5804872
25|</s> 27 -3.6947137
25|</s> 26 -3.9502099
26|</s> 7 -0.6181318
26|</s> 3 -2.5251913
26|</s> 2 -2.7360942
26|</s> 9 -2.8520452
26|</s> 20 -2.9259909
26|</s> 6 -2.9315071
26|</s> 10 -2.9770659
26|</s> 11 -2.9891775
26|</s> 21 -2.9944931
26|</s> 5 -3.0561586
26|</s> 1 -3.1091936
26|</s> 22 -3.2129283
26|</s> 14 -3.2710323
26|</s> 17 -3.3461662
26|</s> 19 -3.4210747
26|</s> 13 -3.5112141
26|</s> 8 -3.5120935
26|</s> 16 -3.5214393
26|</s> 24 -3.5245994
26|</s> 15 -3.5790811
26|</s> 4 -3.6211188
26|</s> 18 -3.8515588
26|</s> 23 -3.9068855
26|</s> 12 -4.5085601
26|</s> 27 -4.6227866
26|</s> 25 -4.8782828
26|</s> 26 -4.8782828
27|</s> 6 -1.0402393
27|</s> 7 -1.0889582
27|</s> 2 -1.5188002
27|</s> 20 -1.6221289
27|</s> 3 -2.1979644
27|</s> 9 -2.5248183
27|</s> 11 -2.6619506
27|</s> 21 -2.6672662
27|</s> 5 -2.7289317
27|</s> 10 -2.7487319
27|</s> 1 -2.7819667
27|</s> 22 -2.8857014
27|</s> 14 -2.9438054
27|</s> 17 -3.0189393
27|</s> 19 -3.0938478
27|</s> 13 -3.1839872
27|</s> 8 -3.1848666
27|</s> 16 -3.1942124
27|</s> 24 -3.1973725
27|</s> 15 -3.2518542
27|</s> 4 -3.2938919
27|</s> 18 -3.5243319
27|</s> 23 -3.5796586
27|</s> 12 -4.1813332
27|</s> 27 -4.2955597
27|</s> 25 -4.5510559
27|</s> 26 -4.5510559
20|</s> 21 -1.3360061
20|</s> 9 -1.4645182
20|</s> 5 -1.5933176
20|</s> 22 -1.6187413
20|</s> 11 -1.6648285
20|</s> 3 -1.7105323
20|</s> 17 -2.0142332
20|</s> 19 -2.0416717
20|</s> 14 -2.0707013
20|</s> 10 -2.0772709
20|</s> 15 -2.0847361
20|</s> 18 -2.2372008
20|</s> 4 -2.2465218
20|</s> 8 -2.3352105
20|</s> 23 -2.3424265
20|</s> 13 -2.5068511
20|</s> 7 -2.53504
20|</s> 20 -2.6155477
20|</s> 24 -2.6459164
20|</s> 16 -2.7445563
20|</s> 27 -3.5426896
20|</s> 1 -3.6447646
20|</s> 12 -3.7998201
20|</s> 2 -4.0209222
20|</s> 25 -4.0363748
20|</s> 6 -4.4369721
20|</s> 26 -4.5678396
21|</s> 3 -1.225581
21|</s> 14 -1.4558933
21|</s> 8 -1.4837385
21|</s> 9 -1.5757062
21|</s> 2 -1.6348412
21|</s> 6 -1.8902351
21|</s> 11 -1.9034265
21|</s> 10 -2.0020379
21|</s> 17 -2.0913582
21|</s> 20 -2.1389149
21|</s> 15 -2.4767411
21|</s> 21 -2.5645241
21|</s> 1 -2.6111527
21|</s> 22 -2.6757303
21|</s> 23 -2.7099315
21|</s> 16 -2.8486243
21|</s> 18 -2.8494158
21|</s> 7 -2.872633
21|</s> 19 -3.4660587
21|</s> 27 -3.7333486
21|</s> 5 -3.9525756
21|</s> 13 -3.9530171
21|</s> 24 -4.0797674
21|</s> 4 -4.3691968
21|</s> 12 -4.3750341
21|</s> 26 -4.3802419
21|</s> 25 -4.3802419
22|</s> 2 -1.4311922
22|</s> 22 -1.4869813
22|</s> 3 -1.5075223
22|</s> 10 -1.5295109
22|</s> 20 -1.5916509
22|</s> 15 -1.6725511
22|</s> 6 -1.7213241
22|</s> 14 -1.7975613
22|</s> 11 -1.9442635
22|</s> 7 -2.210848
22|</s> 1 -2.4423271
22|</s> 9 -2.4733542
22|</s> 16 -2.6303243
22|</s> 23 -2.7083825
22|</s> 13 -2.9208551
22|</s> 18 -2.9216628
22|</s> 19 -2.9692987
22|</s> 17 -3.2476712
22|</s> 24 -3.3584254
22|</s> 5 -3.5065746
22|</s> 4 -3.5072118
22|</s> 12 -3.8416936
22|</s> 8 -3.8614485
22|</s> 27 -3.9559201
22|</s> 21 -4.1502281
22|</s> 25 -4.2114163
22|</s> 26 -4.2114163
23|</s> 2 -1.040431
23|</s> 3 -1.2187974
23|</s> 10 -1.3940039
23|</s> 11 -1.6788305
23|</s> 21 -1.9870531
23|</s> 22 -2.4669153
23|</s> 9 -2.4950336
23|</s> 20 -2.5547719
23|</s> 5 -2.699147
23|</s> 1 -2.752182
23|</s> 14 -2.9140207
23|</s> 17 -2.9891546
23|</s> 6 -3.0416051
23|</s> 15 -3.0422211
23|</s> 19 -3.0640631
23|</s> 24 -3.1675878
23|</s> 4 -3.2641072
23|</s> 7 -3.457916
23|</s> 13 -3.4580911
23|</s> 8 -3.4580925
23|</s> 16 -3.4581073
23|</s> 23 -3.4591005
23|</s> 18 -3.4945472
23|</s> 12 -4.1515485
23|</s> 27 -4.265775
23|</s> 25 -4.5212712
23|</s> 26 -4.5212712
1|</s> 2 -0.9277389
1|</s> 20 -1.3947689
1|</s> 10 -1.5547549
1|</s> 3 -1.6311793
1|</s> 6 -1.6503021
1|</s> 9 -2.2714992
1|</s> 5 -2.5019116
1|</s> 7 -2.757994
1|</s> 1 -2.8788026
1|</s> 15 -3.0732021
1|</s> 21 -3.1898981
1|</s> 19 -3.2633977
1|</s> 8 -3.2817025
1|</s> 16 -3.2910483
1|</s> 11 -3.4615895
1|</s> 22 -3.8380403
1|</s> 4 -3.9653038
1|</s> 14 -4.2540733
1|</s> 17 -4.2541472
1|</s> 13 -4.2543621
1|</s> 24 -4.2543834
1|</s> 18 -4.2551698
1|</s> 23 -4.2553715
1|</s> 12 -4.2781691
1|</s> 27 -4.3923956
1|</s> 26 -4.6478918
1|</s> 25 -4.6478918
3|</s> 9 -1.3883402
3|</s> 20 -1.5533129
3|</s> 11 -1.7661105
3|</s> 10 -1.7829679
3|</s> 24 -1.8096934
3|</s> 6 -1.8121031
3|</s> 17 -1.9046442
3|</s> 1 -1.9239836
3|</s> 4 -1.9274538
3|</s> 19 -1.9843777
3|</s> 16 -2.0127353
3|</s> 13 -2.0305721
3|</s> 14 -2.1159643
3|</s> 5 -2.1561026
3|</s> 22 -2.2115503
3|</s> 21 -2.2245221
3|</s> 2 -2.2263352
3|</s> 8 -2.2774705
3|</s> 7 -2.433008
3|</s> 15 -2.5862951
3|</s> 18 -2.8104378
3|</s> 27 -2.8638666
3|</s> 23 -2.8650455
3|</s> 3 -2.9727233
3|</s> 26 -3.2672318
3|</s> 25 -4.2093678
3|</s> 12 -4.8441991
2|</s> 3 -1.0799634
2|</s> 5 -1.5124786
2|</s> 21 -1.6971811
2|</s> 11 -1.7064495
2|</s> 14 -1.7821873
2|</s> 20 -1.9339619
2|</s> 22 -2.1090713
2|</s> 9 -2.1382592
2|</s> 2 -2.1589762
2|</s> 17 -2.1811212
2|</s> 19 -2.2992637
2|</s> 15 -2.4263421
2|</s> 18 -2.4420208
2|</s> 24 -2.4674204
2|</s> 12 -2.5129661
2|</s> 10 -2.5434609
2|</s> 13 -2.5637011
2|</s> 8 -2.6700625
2|</s> 16 -2.7154033
2|</s> 6 -2.7763721
2|</s> 23 -3.1849875
2|</s> 7 -3.244006
2|</s> 1 -3.2773216
2|</s> 26 -3.4123478
2|</s> 4 -3.4462268
2|</s> 27 -3.4830458
2|</s> 25 -3.7393778
5|</s> 2 -1.2500253
5|</s> 3 -1.3335033
5|</s> 6 -1.6061831
5|</s> 10 -1.6520549
5|</s> 11 -1.7232155
5|</s> 20 -1.7334829
5|</s> 9 -1.9018532
5|</s> 15 -2.2506671
5|</s> 21 -2.2783581
5|</s> 14 -2.2934043
5|</s> 7 -2.349946
5|</s> 23 -2.4261125
5|</s> 8 -2.4460635
5|</s> 5 -2.4790866
5|</s> 19 -2.5032357
5|</s> 22 -2.5550203
5|</s> 17 -2.5691752
5|</s> 18 -2.7430868
5|</s> 13 -2.8930971
5|</s> 16 -3.1808023
5|</s> 12 -3.26409296
5|</s> 1 -3.3161186
5|</s> 27 -3.37831946
5|</s> 26 -3.63381566
5|</s> 25 -3.63381566
5|</s> 4 -3.8915788
5|</s> 24 -4.0181334
4|</s> 2 -1.1293079
4|</s> 7 -1.437529
4|</s> 22 -1.5367443
4|</s> 6 -1.5880671
4|</s> 20 -1.6341559
4|</s> 5 -1.8029236
4|</s> 15 -1.8217881
4|</s> 10 -1.9032799
4|</s> 11 -2.5612935
4|</s> 21 -2.6376787
4|</s> 4 -2.6792488
4|</s> 3 -2.7515963
4|</s> 1 -2.7523792
4|</s> 14 -2.9142179
4|</s> 9 -3.0988282
4|</s> 18 -3.1001668
4|</s> 27 -3.1073916
4|</s> 13 -3.1543997
4|</s> 8 -3.1552791
4|</s> 16 -3.1646249
4|</s> 17 -3.4535742
4|</s> 19 -3.4536617
4|</s> 23 -3.5500711
4|</s> 24 -3.7430654
4|</s> 12 -4.1517457
4|</s> 26 -4.5214684
4|</s> 25 -4.5214684
7|</s> 9 -1.4449822
7|</s> 11 -1.4542075
7|</s> 5 -1.4879526
7|</s> 21 -1.5614051
7|</s> 22 -1.6357383
7|</s> 13 -1.7858061
7|</s> 17 -1.8856782
7|</s> 19 -1.9835347
7|</s> 8 -2.0161795
7|</s> 2 -2.0417032
7|</s> 3 -2.0990743
7|</s> 10 -2.1774629
7|</s> 20 -2.2158419
7|</s> 4 -2.2736718
7|</s> 14 -2.4165713
7|</s> 6 -2.6296086
7|</s> 1 -2.8072951
7|</s> 7 -3.0799455
7|</s> 16 -3.1896673
7|</s> 24 -3.2227009
7|</s> 18 -3.5496603
7|</s> 15 -3.5660791
7|</s> 23 -3.6937025
7|</s> 12 -3.6987261
7|</s> 25 -3.7075798
7|</s> 27 -4.3208881
7|</s> 26 -4.5763843
6|</s> 21 -1.4073981
6|</s> 3 -1.4276593
6|</s> 5 -1.5055496
6|</s> 7 -1.606337
6|</s> 16 -1.6870063
6|</s> 19 -1.8302197
6|</s> 9 -1.9279722
6|</s> 22 -2.0056613
6|</s> 11 -2.0143895
6|</s> 24 -2.0148864
6|</s> 6 -2.1146831
6|</s> 13 -2.2720511
6|</s> 14 -2.3680643
6|</s> 18 -2.3691608
6|</s> 17 -2.4180702
6|</s> 10 -2.5810439
6|</s> 23 -2.6289645
6|</s> 4 -2.7236828
6|</s> 20 -2.7546389
6|</s> 8 -2.8461395
6|</s> 15 -3.0824991
6|</s> 2 -3.1578662
6|</s> 12 -3.2567171
6|</s> 26 -3.5184616
6|</s> 1 -3.7878636
6|</s> 27 -4.0240076
6|</s> 25 -4.4468458
9|</s> 1 -1.1232389
9|</s> 3 -1.2761948
9|</s> 6 -1.5335071
9|</s> 2 -1.5999172
9|</s> 10 -1.6948929
9|</s> 20 -1.9836219
9|</s> 11 -2.0593925
9|</s> 5 -2.1247896
9|</s> 9 -2.3964392
9|</s> 7 -2.4613
9|</s> 15 -2.5054581
9|</s> 24 -2.7734354
9|</s> 17 -2.8685052
9|</s> 22 -2.9459653
9|</s> 21 -3.1018691
9|</s> 14 -3.3784083
9|</s> 19 -3.3846827
9|</s> 8 -3.6194695
9|</s> 23 -4.0142615
9|</s> 13 -4.2221361
9|</s> 4 -4.2223318
9|</s> 18 -4.2229438
9|</s> 25 -4.2370228
9|</s> 16 -4.5114073
9|</s> 12 -4.6159361
9|</s> 27 -4.7301626
9|</s> 26 -4.9856588
8|</s> 3 -1.0857384
8|</s> 2 -1.3862092
8|</s> 1 -1.6653706
8|</s> 5 -1.7310586
8|</s> 6 -1.7616171
8|</s> 20 -1.8228359
8|</s> 10 -1.9028429
8|</s> 11 -2.0726145
8|</s> 7 -2.113723
8|</s> 22 -2.2864493
8|</s> 21 -2.3552091
8|</s> 8 -2.5023015
8|</s> 14 -2.8191856
8|</s> 17 -2.8943195
8|</s> 9 -3.0590472
8|</s> 13 -3.0593674
8|</s> 16 -3.0695926
8|</s> 4 -3.1692721
8|</s> 15 -3.2083051
8|</s> 18 -3.3997121
8|</s> 23 -3.4550388
8|</s> 19 -3.8517477
8|</s> 24 -3.8518964
8|</s> 12 -4.0567134
8|</s> 27 -4.1709399
8|</s> 26 -4.4264361
8|</s> 25 -4.4264361
START|</s> 9 -0.8803967
START|</s> 20 -1.2407746
START|</s> 4 -1.2991179
START|</s> 10 -1.3370989
START|</s> 1 -1.4794046
START|</s> 11 -1.5287995
START|</s> 24 -1.7411284
START|</s> 19 -1.7583877
START|</s> 13 -1.8153651
START|</s> 16 -1.9050093
START|</s> 15 -1.9870311
START|</s> 2 -2.1270932
START|</s> 17 -2.1274442
START|</s> 21 -2.1708671
START|</s> 3 -2.1968776
START|</s> 6 -2.2194091
START|</s> 8 -2.2746065
START|</s> 22 -2.3368573
START|</s> 5 -2.4099066
START|</s> 14 -2.4980813
START|</s> 7 -2.757326
START|</s> 23 -2.7585105
START|</s> 27 -2.7655336
START|</s> 18 -2.9860088
START|</s> 26 -3.1268178
START|</s> 12 -4.1802464
START|</s> 25 -4.5499691
11|</s> 3 -0.9995918
11|</s> 9 -1.4988002
11|</s> 2 -1.5885932
11|</s> 10 -1.8328839
11|</s> 6 -1.9250571
11|</s> 1 -2.0074206
11|</s> 11 -2.0314985
11|</s> 7 -2.126542
11|</s> 20 -2.1306469
11|</s> 13 -2.3243981
11|</s> 17 -2.3529302
11|</s> 19 -2.6973697
11|</s> 23 -2.6985065
11|</s> 22 -2.9034113
11|</s> 8 -2.9922045
11|</s> 16 -3.0015503
11|</s> 24 -3.0247604
11|</s> 15 -3.0612151
11|</s> 14 -3.4712093
11|</s> 21 -3.9578561
11|</s> 5 -3.9578876
11|</s> 12 -3.9886711
11|</s> 26 -4.0999458
11|</s> 27 -4.1028976
11|</s> 25 -4.3583938
11|</s> 4 -4.3745098
11|</s> 18 -4.3751218
10|</s> 21 -1.1834248
10|</s> 11 -1.4986535
10|</s> 9 -1.5098672
10|</s> 17 -1.7508012
10|</s> 6 -1.8167241
10|</s> 22 -1.8565063
10|</s> 2 -1.9839522
10|</s> 14 -2.0096983
10|</s> 5 -2.1085506
10|</s> 19 -2.1171807
10|</s> 20 -2.1799549
10|</s> 8 -2.2374465
10|</s> 18 -2.2668528
10|</s> 16 -2.3296213
10|</s> 3 -2.3797623
10|</s> 13 -2.5359861
10|</s> 4 -2.6936828
10|</s> 23 -2.7273505
10|</s> 1 -2.8774726
10|</s> 25 -2.8809138
10|</s> 7 -3.073031
10|</s> 24 -3.2928784
10|</s> 12 -3.3284621
10|</s> 15 -3.3473601
10|</s> 26 -3.4984908
10|</s> 10 -4.0966839
10|</s> 27 -4.3910656
13|</s> 2 -1.3924672
13|</s> 5 -1.4382136
13|</s> 6 -1.4857691
13|</s> 22 -1.4859323
13|</s> 20 -1.5873569
13|</s> 3 -1.6461813
13|</s> 13 -1.8786231
13|</s> 10 -2.0244329
13|</s> 7 -2.061001
13|</s> 9 -2.2095512
13|</s> 11 -2.2664565
13|</s> 1 -2.4380726
13|</s> 21 -2.5404337
13|</s> 15 -2.7262881
13|</s> 19 -2.8617877
13|</s> 8 -3.0580341
13|</s> 24 -3.07054
13|</s> 4 -3.1670594
13|</s> 18 -3.3974994
13|</s> 23 -3.4528261
13|</s> 14 -3.8524643
13|</s> 17 -3.8525382
13|</s> 16 -3.8527693
13|</s> 12 -4.0545007
13|</s> 27 -4.1687272
13|</s> 25 -4.4242234
13|</s> 26 -4.4242234
12|</s> 13 -1.0698622
12|</s> 3 -1.4465603
12|</s> 9 -1.4777822
12|</s> 2 -1.6795982
12|</s> 20 -1.9581209
12|</s> 17 -2.0689272
12|</s> 11 -2.2034476
12|</s> 21 -2.2087632
12|</s> 10 -2.2172729
12|</s> 5 -2.2704287
12|</s> 1 -2.3234637
12|</s> 22 -2.4271984
12|</s> 6 -2.4449541
12|</s> 14 -2.4853024
12|</s> 7 -2.572009
12|</s> 19 -2.6353448
12|</s> 8 -2.7263636
12|</s> 16 -2.7357094
12|</s> 24 -2.7388695
12|</s> 4 -2.8353889
12|</s> 15 -2.8615541
12|</s> 18 -3.0658289
12|</s> 23 -3.1211556
12|</s> 12 -3.7228302
12|</s> 27 -3.8370567
12|</s> 25 -4.0925529
12|</s> 26 -4.0925529
15|</s> 3 -0.7737955
15|</s> 6 -1.5689351
15|</s> 2 -1.9231302
15|</s> 11 -1.9684405
15|</s> 10 -2.5546739
15|</s> 7 -2.647238
15|</s> 16 -2.7868333
15|</s> 9 -2.7936322
15|</s> 4 -2.7943588
15|</s> 15 -2.8444751
15|</s> 20 -2.9922009
15|</s> 18 -3.1169528
15|</s> 21 -3.1408431
15|</s> 19 -3.1411887
15|</s> 23 -3.1722795
15|</s> 13 -3.3690171
15|</s> 24 -3.3690384
15|</s> 1 -3.4953356
15|</s> 22 -3.4954083
15|</s> 14 -3.4954573
15|</s> 12 -3.7739541
15|</s> 5 -3.7845596
15|</s> 17 -3.7847862
15|</s> 8 -3.7850025
15|</s> 25 -3.7998878
15|</s> 27 -3.8881806
15|</s> 26 -4.1436768
14|</s> 3 -0.9034377
14|</s> 2 -1.4072232
14|</s> 10 -1.6603929
14|</s> 6 -1.8910661
14|</s> 20 -2.0422269
14|</s> 11 -2.1264005
14|</s> 5 -2.1899476
14|</s> 7 -2.210208
14|</s> 15 -2.5069401
14|</s> 14 -2.6217933
14|</s> 9 -2.6783222
14|</s> 22 -2.7790953
14|</s> 24 -2.9113924
14|</s> 18 -2.9121788
14|</s> 1 -2.9354706
14|</s> 19 -2.9659387
14|</s> 17 -3.1724432
14|</s> 8 -3.3003505
14|</s> 4 -3.4473958
14|</s> 21 -3.4484881
14|</s> 16 -3.6766783
14|</s> 27 -3.8114246
14|</s> 13 -4.0926461
14|</s> 23 -4.0936555
14|</s> 12 -4.3348371
14|</s> 26 -4.7045598
14|</s> 25 -4.7045598
17|</s> 6 -1.3164021
17|</s> 1 -1.4396476
17|</s> 20 -1.4563859
17|</s> 2 -1.4805852
17|</s> 9 -1.7155942
17|</s> 10 -1.7829479
17|</s> 23 -1.9417175
17|</s> 5 -2.0348126
17|</s> 3 -2.0512063
17|</s> 7 -2.051641
17|</s> 22 -2.1559433
17|</s> 17 -2.2385872
17|</s> 15 -2.4973081
17|</s> 21 -2.7433191
17|</s> 11 -3.0262735
17|</s> 19 -3.1699007
17|</s> 13 -3.2600401
17|</s> 16 -3.2702653
17|</s> 4 -3.3699448
17|</s> 18 -3.6003848
17|</s> 14 -3.7280433
17|</s> 8 -4.0175885
17|</s> 24 -4.0176084
17|</s> 12 -4.2573861
17|</s> 27 -4.3716126
17|</s> 25 -4.6271088
17|</s> 26 -4.6271088
16|</s> 3 -1.1026155
16|</s> 6 -1.3459921
16|</s> 2 -1.5728672
16|</s> 10 -1.5944659
16|</s> 5 -1.7852876
16|</s> 20 -1.8135059
16|</s> 16 -1.8442753
16|</s> 9 -2.1185382
16|</s> 7 -2.149436
16|</s> 22 -2.2176713
16|</s> 21 -2.9155541
16|</s> 1 -3.0302546
16|</s> 14 -3.1920933
16|</s> 17 -3.2672272
16|</s> 19 -3.3421357
16|</s> 15 -3.4266751
16|</s> 13 -3.4322751
16|</s> 8 -3.4331545
16|</s> 24 -3.4456604
16|</s> 18 -3.7726198
16|</s> 23 -3.8279465
16|</s> 11 -3.8420685
16|</s> 4 -3.8427398
16|</s> 12 -4.4296211
16|</s> 27 -4.5438476
16|</s> 25 -4.7993438
16|</s> 26 -4.7993438
19|</s> 2 -1.1972299
19|</s> 20 -1.3329099
19|</s> 6 -1.4879921
19|</s> 3 -1.5824353
19|</s> 10 -1.6526729
19|</s> 13 -1.7466241
19|</s> 7 -1.994039
19|</s> 11 -2.1144505
19|</s> 19 -2.3370277
19|</s> 4 -2.3373508
19|</s> 15 -2.3777921
19|</s> 9 -2.8792442
19|</s> 5 -3.0833576
19|</s> 1 -3.1363926
19|</s> 16 -3.1504843
19|</s> 22 -3.2401273
19|</s> 14 -3.2982313
19|</s> 21 -3.5263081
19|</s> 8 -3.5392925
19|</s> 24 -3.5517984
19|</s> 17 -3.6532952
19|</s> 18 -3.8787578
19|</s> 23 -3.9340845
19|</s> 12 -4.5357591
19|</s> 27 -4.6499856
19|</s> 26 -4.9054818
19|</s> 25 -4.9054818
18|</s> 2 -0.7937071
18|</s> 10 -1.2785775
18|</s> 20 -1.7892379
18|</s> 6 -1.8358981
18|</s> 3 -3.0966223
18|</s> 9 -3.1004672
18|</s> 11 -3.2375995
18|</s> 21 -3.2429151
18|</s> 5 -3.3045806
18|</s> 1 -3.3576156
18|</s> 22 -3.4613503
18|</s> 15 -3.5133311
18|</s> 14 -3.5194543
18|</s> 17 -3.5945882
18|</s> 7 -3.630266
18|</s> 19 -3.6694967
18|</s> 13 -3.7596361
18|</s> 8 -3.7605155
18|</s> 16 -3.7698613
18|</s> 24 -3.7730214
18|</s> 4 -3.8695408
18|</s> 18 -4.0999808
18|</s> 23 -4.1553075
18|</s> 12 -4.7569821
18|</s> 27 -4.8712086
18|</s> 26 -5.1267048
18|</s> 25 -5.1267048
<s>|24 3 -2.2889121
<s>|24 6 -2.900421
<s>|24 2 -3.1575421
<s>|24 20 -3.525935
<s>|24 9 -3.579508
<s>|24 11 -3.967965
<s>|24 14 -4.136452
<s>|24 10 -4.223972
<s>|24 22 -4.525381
<s>|24 13 -4.5357816
<s>|24 7 -4.5585725
<s>|24 24 -4.6337019
<s>|24 15 -4.902146
<s>|24 16 -4.921127
<s>|24 19 -4.9269
<s>|24 21 -5.028288
<s>|24 5 -5.028319
<s>|24 23 -5.0285004
<s>|24 12 -5.2014581
<s>|24 1 -5.317605
<s>|24 17 -5.317802
<s>|24 8 -5.318017
<s>|24 4 -5.318211
<s>|24 25 -5.4288371
<s>|24 18 -5.578607
<s>|24 27 -5.7741871
<s>|24 26 -6.35691
<s>|25 10 -3.797142
<s>|25 2 -4.4146341
<s>|25 25 -4.540605
<s>|25 5 -4.62913586
<s>|25 3 -4.6737211
<s>|25 20 -4.901528
<s>|25 9 -5.02823
<s>|25 7 -5.028586
<s>|25 11 -5.286733
<s>|25 21 -5.3138971
<s>|25 6 -5.317515
<s>|25 15 -5.31813
<s>|25 22 -5.3635065
<s>|25 1 -5.696248
<s>|25 13 -5.8745996
<s>|25 8 -5.8776913
<s>|25 17 -5.912437
<s>|25 14 -5.914754
<s>|25 24 -5.9725199
<s>|25 4 -6.0817486
<s>|25 16 -6.259945
<s>|25 19 -6.265718
<s>|25 23 -6.3673184
<s>|25 12 -6.5402761
<s>|25 18 -6.917425
<s>|25 27 -7.1130051
<s>|25 26 -7.695728
<s>|26 3 -3.7315851
<s>|26 2 -4.0876041
<s>|26 6 -4.3891308
<s>|26 10 -4.414719
<s>|26 5 -4.62913586
<s>|26 11 -5.028285
<s>|26 21 -5.3138971
<s>|26 22 -5.3635065
<s>|26 20 -5.4329928
<s>|26 15 -5.661919
<s>|26 1 -5.696248
<s>|26 9 -5.776866
<s>|26 13 -5.8745996
<s>|26 8 -5.8776913
<s>|26 7 -5.8973905
<s>|26 17 -5.912437
<s>|26 14 -5.914754
<s>|26 24 -5.9725199
<s>|26 4 -6.0817486
<s>|26 16 -6.259945
<s>|26 19 -6.265718
<s>|26 23 -6.3673184
<s>|26 12 -6.5402761
<s>|26 25 -6.7676551
<s>|26 18 -6.917425
<s>|26 27 -7.1130051
<s>|26 26 -7.695728
<s>|27 3 -3.3350741
<s>|27 2 -4.1651563
<s>|27 5 -4.38049386
<s>|27 20 -4.414697
<s>|27 21 -4.673858
<s>|27 4 -4.674526
<s>|27 6 -4.901531
<s>|27 14 -5.028473
<s>|27 11 -5.038091
<s>|27 22 -5.1148645
<s>|27 10 -5.314148
<s>|27 15 -5.413277
<s>|27 1 -5.447606
<s>|27 9 -5.528224
<s>|27 13 -5.6259576
<s>|27 8 -5.6290493
<s>|27 7 -5.6487485
<s>|27 17 -5.663795
<s>|27 24 -5.7238779
<s>|27 16 -6.011303
<s>|27 19 -6.017076
<s>|27 23 -6.1186764
<s>|27 12 -6.2916341
<s>|27 25 -6.5190131
<s>|27 18 -6.668783
<s>|27 27 -6.8643631
<s>|27 26 -7.447086
<s>|20 3 -2.0330561
<s>|20 1 -2.458515
<s>|20 2 -2.6246081
<s>|20 19 -2.708536
<s>|20 5 -2.744193
<s>|20 17 -2.757104
<s>|20 22 -2.759131
<s>|20 9 -2.790219
<s>|20 24 -2.861033
<s>|20 13 -3.053123
<s>|20 11 -3.074376
<s>|20 21 -3.08796
<s>|20 10 -3.111573
<s>|20 4 -3.209826
<s>|20 14 -3.267811
<s>|20 8 -3.289481
<s>|20 16 -3.289497
<s>|20 20 -3.4960908
<s>|20 7 -3.552238
<s>|20 18 -3.595348
<s>|20 6 -3.640698
<s>|20 27 -4.199468
<s>|20 25 -4.342065
<s>|20 23 -4.416209
<s>|20 12 -4.421234
<s>|20 15 -4.525833
<s>|20 26 -5.758826
<s>|21 10 -2.1150127
<s>|21 20 -2.216519
<s>|21 6 -2.293427
<s>|21 2 -2.3877971
<s>|21 3 -2.7042351
<s>|21 7 -2.897771
<s>|21 5 -3.289038
<s>|21 24 -3.425661
<s>|21 21 -3.513539
<s>|21 8 -3.821824
<s>|21 23 -3.84846
<s>|21 9 -3.908436
<s>|21 13 -4.0061696
<s>|21 17 -4.044007
<s>|21 4 -4.2133186
<s>|21 1 -4.253614
<s>|21 16 -4.391515
<s>|21 12 -4.6718461
<s>|21 14 -4.674042
<s>|21 15 -4.674445
<s>|21 25 -4.8992251
<s>|21 11 -4.901555
<s>|21 19 -4.901904
<s>|21 18 -5.048995
<s>|21 27 -5.2445751
<s>|21 22 -5.317678
<s>|21 26 -5.827298
<s>|22 20 -2.499119
<s>|22 22 -2.654296
<s>|22 3 -2.6911281
<s>|22 10 -2.787959
<s>|22 2 -2.7995521
<s>|22 6 -2.891555
<s>|22 13 -2.951533
<s>|22 7 -2.971969
<s>|22 4 -3.112249
<s>|22 17 -3.456496
<s>|22 5 -3.565565
<s>|22 21 -3.62461
<s>|22 16 -3.693497
<s>|22 9 -3.752397
<s>|22 8 -3.752929
<s>|22 11 -3.846975
<s>|22 14 -4.004514
<s>|22 23 -4.328187
<s>|22 24 -4.52574
<s>|22 19 -4.615588
<s>|22 12 -4.8901461
<s>|22 1 -4.901621
<s>|22 15 -5.028875
<s>|22 25 -5.043648
<s>|22 18 -5.267295
<s>|22 27 -5.4628751
<s>|22 26 -6.045598
<s>|23 20 -3.221457
<s>|23 17 -3.240923
<s>|23 3 -3.3432761
<s>|23 5 -3.43531
<s>|23 6 -3.513511
<s>|23 11 -3.640723
<s>|23 10 -3.657456
<s>|23 21 -3.657464
<s>|23 2 -3.8741211
<s>|23 22 -3.87435
<s>|23 15 -4.704399
<s>|23 9 -4.819346
<s>|23 13 -4.9170796
<s>|23 8 -4.9201713
<s>|23 24 -5.0149999
<s>|23 7 -5.028586
<s>|23 4 -5.1242286
<s>|23 16 -5.302425
<s>|23 19 -5.308198
<s>|23 1 -5.317605
<s>|23 14 -5.317727
<s>|23 23 -5.319025
<s>|23 12 -5.5827561
<s>|23 25 -5.8101351
<s>|23 18 -5.959905
<s>|23 27 -6.1554851
<s>|23 26 -6.738208
<s>|1 9 -1.9297433
<s>|1 3 -2.4036341
<s>|1 17 -2.740273
<s>|1 24 -2.889161
<s>|1 11 -2.951057
<s>|1 8 -3.131923
<s>|1 21 -3.5601051
<s>|1 22 -3.6097145
<s>|1 10 -3.808998
<s>|1 13 -3.903746
<s>|1 1 -3.942456
<s>|1 2 -3.9678751
<s>|1 7 -4.1435985
<s>|1 14 -4.160962
<s>|1 5 -4.326736
<s>|1 4 -4.3279566
<s>|1 16 -4.506153
<s>|1 19 -4.511926
<s>|1 20 -4.525215
<s>|1 23 -4.6135264
<s>|1 6 -4.67383
<s>|1 12 -4.7864841
<s>|1 25 -5.0138631
<s>|1 15 -5.028875
<s>|1 18 -5.163633
<s>|1 27 -5.3592131
<s>|1 26 -5.941936
<s>|3 2 -1.7707162
<s>|3 11 -1.9434275
<s>|3 9 -2.0828985
<s>|3 14 -2.1291284
<s>|3 21 -2.1747327
<s>|3 15 -2.3075342
<s>|3 6 -2.313825
<s>|3 5 -2.34432
<s>|3 8 -2.5524901
<s>|3 16 -2.5787132
<s>|3 20 -2.591182
<s>|3 22 -2.675109
<s>|3 1 -2.695032
<s>|3 19 -2.958168
<s>|3 24 -2.98285
<s>|3 23 -3.0803411
<s>|3 13 -3.112054
<s>|3 10 -3.311487
<s>|3 17 -3.352031
<s>|3 7 -3.435577
<s>|3 3 -3.4525731
<s>|3 12 -3.90978
<s>|3 4 -4.327373
<s>|3 25 -4.430087
<s>|3 27 -4.7754101
<s>|3 18 -4.902839
<s>|3 26 -5.358133
<s>|2 1 -1.9915477
<s>|2 5 -2.2607981
<s>|2 9 -2.406577
<s>|2 11 -2.532385
<s>|2 19 -2.5729187
<s>|2 21 -2.583949
<s>|2 22 -2.598735
<s>|2 18 -2.5998799
<s>|2 14 -2.63287
<s>|2 4 -2.7050407
<s>|2 3 -2.7061411
<s>|2 17 -2.781366
<s>|2 2 -2.8496851
<s>|2 8 -2.852917
<s>|2 13 -2.858296
<s>|2 23 -2.9019308
<s>|2 10 -2.915633
<s>|2 24 -3.001262
<s>|2 16 -3.048921
<s>|2 7 -3.378162
<s>|2 15 -3.456825
<s>|2 25 -4.019689
<s>|2 6 -4.043988
<s>|2 27 -4.096202
<s>|2 12 -4.142774
<s>|2 20 -4.901528
<s>|2 26 -5.568992
<s>|5 2 -2.2030631
<s>|5 6 -2.391547
<s>|5 20 -2.473799
<s>|5 3 -2.6357841
<s>|5 7 -2.824287
<s>|5 13 -2.903918
<s>|5 9 -2.931325
<s>|5 10 -3.040107
<s>|5 8 -3.197642
<s>|5 16 -3.261217
<s>|5 17 -3.335469
<s>|5 4 -3.378532
<s>|5 14 -3.41547
<s>|5 5 -3.489735
<s>|5 1 -3.565596
<s>|5 24 -3.847472
<s>|5 19 -4.458922
<s>|5 23 -4.5605224
<s>|5 22 -4.673993
<s>|5 12 -4.7334801
<s>|5 11 -4.901555
<s>|5 21 -4.901559
<s>|5 25 -4.9608591
<s>|5 18 -5.110629
<s>|5 27 -5.3062091
<s>|5 15 -5.31813
<s>|5 26 -5.888932
<s>|4 3 -2.4064981
<s>|4 20 -3.126366
<s>|4 6 -3.609043
<s>|4 7 -3.609369
<s>|4 10 -3.624602
<s>|4 19 -3.712278
<s>|4 2 -4.1361741
<s>|4 4 -4.25422
<s>|4 15 -4.327292
<s>|4 13 -4.6321266
<s>|4 8 -4.6352183
<s>|4 17 -4.669964
<s>|4 14 -4.672281
<s>|4 22 -4.673993
<s>|4 5 -4.90159
<s>|4 9 -5.02823
<s>|4 1 -5.028351
<s>|4 24 -5.028782
<s>|4 23 -5.1248454
<s>|4 12 -5.2978031
<s>|4 11 -5.31754
<s>|4 21 -5.317543
<s>|4 16 -5.318032
<s>|4 25 -5.5251821
<s>|4 18 -5.674952
<s>|4 27 -5.8705321
<s>|4 26 -6.453255
<s>|7 6 -2.492068
<s>|7 3 -2.9124231
<s>|7 4 -3.012871
<s>|7 11 -3.069943
<s>|7 9 -3.267569
<s>|7 17 -3.352031
<s>|7 5 -3.360328
<s>|7 19 -3.369337
<s>|7 22 -3.378
<s>|7 20 -3.415255
<s>|7 14 -3.435464
<s>|7 26 -3.4506388
<s>|7 13 -3.526439
<s>|7 8 -3.58004
<s>|7 16 -3.625099
<s>|7 27 -3.6659692
<s>|7 21 -3.82135
<s>|7 1 -3.821412
<s>|7 2 -3.9343241
<s>|7 10 -4.004321
<s>|7 15 -4.180542
<s>|7 7 -4.4160135
<s>|7 24 -4.4911429
<s>|7 12 -5.034794
<s>|7 23 -5.319025
<s>|7 25 -5.332903
<s>|7 18 -5.436048
<s>|6 3 -2.2918441
<s>|6 9 -2.340102
<s>|6 5 -2.616891
<s>|6 17 -2.617118
<s>|6 1 -2.714046
<s>|6 10 -2.74834
<s>|6 16 -2.821981
<s>|6 21 -2.839278
<s>|6 19 -2.863616
<s>|6 11 -2.868784
<s>|6 22 -2.888802
<s>|6 13 -2.951533
<s>|6 24 -2.975698
<s>|6 6 -3.00074
<s>|6 15 -3.102565
<s>|6 14 -3.116648
<s>|6 4 -3.163735
<s>|6 8 -3.22826
<s>|6 2 -3.4670161
<s>|6 27 -3.6175762
<s>|6 18 -3.642006
<s>|6 7 -3.9660025
<s>|6 25 -4.689217
<s>|6 23 -4.90304
<s>|6 12 -4.908065
<s>|6 20 -5.317513
<s>|6 26 -5.76434
<s>|9 3 -1.8681111
<s>|9 20 -2.345089
<s>|9 10 -2.441513
<s>|9 11 -2.442557
<s>|9 21 -2.524779
<s>|9 7 -2.781406
<s>|9 6 -2.814059
<s>|9 2 -2.8289331
<s>|9 5 -2.912591
<s>|9 17 -3.01634
<s>|9 9 -3.203064
<s>|9 1 -3.335273
<s>|9 16 -3.594557
<s>|9 22 -3.640862
<s>|9 13 -3.675345
<s>|9 14 -3.903934
<s>|9 12 -3.940923
<s>|9 19 -4.254898
<s>|9 15 -4.327292
<s>|9 23 -4.3564984
<s>|9 8 -4.52572
<s>|9 4 -4.674526
<s>|9 25 -4.7568351
<s>|9 18 -4.906605
<s>|9 27 -5.1021851
<s>|9 24 -5.318037
<s>|9 26 -5.684908
<s>|8 21 -2.432279
<s>|8 3 -2.7567091
<s>|8 10 -3.16856
<s>|8 20 -3.215249
<s>|8 7 -3.352071
<s>|8 2 -3.3602041
<s>|8 5 -3.456269
<s>|8 6 -3.731694
<s>|8 11 -3.935429
<s>|8 8 -3.968442
<s>|8 1 -4.344944
<s>|8 9 -4.425562
<s>|8 13 -4.5232956
<s>|8 14 -4.52543
<s>|8 24 -4.6212159
<s>|8 4 -4.7304446
<s>|8 16 -4.908641
<s>|8 19 -4.914414
<s>|8 22 -5.028424
<s>|8 12 -5.1889721
<s>|8 17 -5.317802
<s>|8 15 -5.31813
<s>|8 23 -5.319025
<s>|8 25 -5.4163511
<s>|8 18 -5.566121
<s>|8 27 -5.7617011
<s>|8 26 -6.344424
<s>|END 11 -2.855122
<s>|END 2 -3.0121101
<s>|END 9 -3.274579
<s>|END 21 -3.335211
<s>|END 15 -3.396759
<s>|END 14 -3.478444
<s>|END 5 -3.551971
<s>|END 22 -3.693143
<s>|END 3 -3.7315851
<s>|END 1 -3.731784
<s>|END 19 -3.774573
<s>|END 8 -3.774702
<s>|END 13 -4.044489
<s>|END 20 -4.087666
<s>|END 23 -4.089178
<s>|END 17 -4.136526
<s>|END 6 -4.253524
<s>|END 24 -4.327199
<s>|END 16 -4.415217
<s>|END 10 -4.662175
<s>|END 12 -4.908065
<s>|END 7 -5.028586
<s>|END 4 -5.1811336
<s>|END 25 -5.8670401
<s>|END 18 -6.01681
<s>|END 27 -6.2123901
<s>|END 26 -6.795113
<s>|11 3 -2.2458261
<s>|11 2 -2.3970681
<s>|11 10 -2.430244
<s>|11 20 -2.545344
<s>|11 5 -2.733898
<s>|11 7 -2.790576
<s>|11 21 -2.852444
<s>|11 9 -2.865962
<s>|11 6 -2.900421
<s>|11 11 -2.9752
<s>|11 22 -3.111716
<s>|11 14 -3.351957
<s>|11 19 -3.490049
<s>|11 15 -3.502045
<s>|11 8 -3.539232
<s>|11 23 -3.54024
<s>|11 24 -3.657958
<s>|11 13 -3.732195
<s>|11 4 -4.136936
<s>|11 17 -4.326964
<s>|11 1 -4.525308
<s>|11 12 -4.6665331
<s>|11 25 -4.8939121
<s>|11 18 -5.043682
<s>|11 27 -5.2392621
<s>|11 16 -5.318032
<s>|11 26 -5.821985
<s>|10 3 -2.2626891
<s>|10 9 -2.501468
<s>|10 1 -2.618479
<s>|10 5 -2.662743
<s>|10 22 -2.696969
<s>|10 11 -2.776591
<s>|10 24 -2.826994
<s>|10 14 -2.885955
<s>|10 21 -2.951061
<s>|10 20 -2.957792
<s>|10 19 -3.028277
<s>|10 16 -3.070435
<s>|10 17 -3.083644
<s>|10 18 -3.0846656
<s>|10 2 -3.2340851
<s>|10 23 -3.255419
<s>|10 8 -3.369466
<s>|10 6 -3.467081
<s>|10 4 -3.478928
<s>|10 13 -3.490177
<s>|10 7 -3.513837
<s>|10 15 -4.088284
<s>|10 25 -4.540605
<s>|10 12 -4.680364
<s>|10 10 -5.02828
<s>|10 27 -5.326049
<s>|10 26 -5.809879
<s>|13 3 -2.5098121
<s>|13 7 -3.121699
<s>|13 19 -3.121747
<s>|13 6 -3.157607
<s>|13 2 -3.2538441
<s>|13 11 -3.267624
<s>|13 13 -3.343886
<s>|13 20 -3.386891
<s>|13 10 -3.467101
<s>|13 12 -3.5324721
<s>|13 5 -3.903304
<s>|13 22 -4.087832
<s>|13 8 -4.5255093
<s>|13 17 -4.560255
<s>|13 24 -4.6203379
<s>|13 4 -4.7295666
<s>|13 21 -4.901559
<s>|13 15 -4.902146
<s>|13 16 -4.907763
<s>|13 9 -5.02823
<s>|13 1 -5.317605
<s>|13 14 -5.317727
<s>|13 23 -5.319025
<s>|13 25 -5.4154731
<s>|13 18 -5.565243
<s>|13 27 -5.7608231
<s>|13 26 -6.343546
<s>|12 2 -3.1970761
<s>|12 6 -4.13624
<s>|12 10 -4.253544
<s>|12 5 -4.26826686
<s>|12 20 -4.673827
<s>|12 11 -4.925864
<s>|12 22 -5.0026375
<s>|12 7 -5.028586
<s>|12 15 -5.30105
<s>|12 3 -5.3174061
<s>|12 21 -5.317543
<s>|12 1 -5.335379
<s>|12 9 -5.415997
<s>|12 13 -5.5137306
<s>|12 8 -5.5168223
<s>|12 17 -5.551568
<s>|12 14 -5.553885
<s>|12 24 -5.6116509
<s>|12 4 -5.7208796
<s>|12 16 -5.899076
<s>|12 19 -5.904849
<s>|12 23 -6.0064494
<s>|12 12 -6.1794071
<s>|12 25 -6.4067861
<s>|12 18 -6.556556
<s>|12 27 -6.7521361
<s>|12 26 -7.334859
<s>|15 22 -2.839413
<s>|15 20 -2.964661
<s>|15 3 -3.0654201
<s>|15 2 -3.1163701
<s>|15 5 -3.260759
<s>|15 9 -3.311437
<s>|15 4 -3.39684
<s>|15 21 -3.425168
<s>|15 14 -3.731906
<s>|15 19 -3.7528
<s>|15 17 -3.797408
<s>|15 6 -3.96794
<s>|15 11 -4.004326
<s>|15 1 -4.13633
<s>|15 13 -4.191436
<s>|15 10 -4.27836
<s>|15 15 -4.377489
<s>|15 8 -4.674332
<s>|15 7 -4.901857
<s>|15 16 -4.902048
<s>|15 23 -4.90304
<s>|15 24 -5.318037
<s>|15 18 -5.318823
<s>|15 12 -5.324049
<s>|15 25 -5.332903
<s>|15 27 -5.8285751
<s>|15 26 -6.411298
<s>|14 21 -2.404724
<s>|14 2 -2.4726191
<s>|14 3 -2.5954931
<s>|14 10 -2.941102
<s>|14 20 -2.95103
<s>|14 22 -2.964827
<s>|14 6 -3.253909
<s>|14 5 -3.3039
<s>|14 7 -3.752753
<s>|14 14 -3.847163
<s>|14 9 -4.184791
<s>|14 8 -4.2856163
<s>|14 11 -4.414724
<s>|14 4 -4.4896736
<s>|14 16 -4.66787
<s>|14 19 -4.673643
<s>|14 23 -4.7752434
<s>|14 12 -4.9482011
<s>|14 17 -5.028547
<s>|14 24 -5.028782
<s>|14 15 -5.028875
<s>|14 25 -5.1755801
<s>|14 1 -5.317605
<s>|14 13 -5.318016
<s>|14 18 -5.32535
<s>|14 27 -5.5209301
<s>|14 26 -6.103653
<s>|17 3 -2.3840991
<s>|17 10 -2.682131
<s>|17 2 -2.8714791
<s>|17 20 -2.894488
<s>|17 21 -3.040115
<s>|17 7 -3.221786
<s>|17 11 -3.296371
<s>|17 6 -3.303841
<s>|17 17 -3.539017
<s>|17 5 -3.579597
<s>|17 9 -3.674814
<s>|17 8 -4.3606763
<s>|17 14 -4.397739
<s>|17 22 -4.414863
<s>|17 24 -4.4555049
<s>|17 12 -4.531752
<s>|17 16 -4.74293
<s>|17 23 -4.8503034
<s>|17 19 -5.028633
<s>|17 4 -5.028956
<s>|17 25 -5.2506401
<s>|17 1 -5.317605
<s>|17 13 -5.318016
<s>|17 15 -5.31813
<s>|17 18 -5.40041
<s>|17 27 -5.5959901
<s>|17 26 -6.178713
<s>|16 3 -2.4919591
<s>|16 6 -2.572546
<s>|16 10 -3.26072
<s>|16 16 -3.319747
<s>|16 2 -3.4055301
<s>|16 20 -3.62458
<s>|16 21 -3.79715
<s>|16 22 -3.797285
<s>|16 11 -3.94476
<s>|16 5 -4.190993
<s>|16 15 -4.319946
<s>|16 1 -4.354275
<s>|16 7 -4.525544
<s>|16 19 -4.525591
<s>|16 8 -4.5357183
<s>|16 17 -4.570464
<s>|16 24 -4.6305469
<s>|16 4 -4.7397756
<s>|16 14 -4.901743
<s>|16 12 -5.1983031
<s>|16 9 -5.317485
<s>|16 13 -5.318016
<s>|16 23 -5.319025
<s>|16 25 -5.4256821
<s>|16 18 -5.575452
<s>|16 27 -5.7710321
<s>|16 26 -6.353755
<s>|19 3 -2.4637451
<s>|19 6 -2.715903
<s>|19 20 -2.921839
<s>|19 2 -2.9895341
<s>|19 10 -3.048423
<s>|19 7 -3.319555
<s>|19 5 -3.51357
<s>|19 11 -3.640723
<s>|19 19 -3.712278
<s>|19 22 -4.136403
<s>|19 9 -4.190904
<s>|19 14 -4.191147
<s>|19 1 -4.326768
<s>|19 13 -4.327178
<s>|19 21 -4.414728
<s>|19 17 -4.470243
<s>|19 15 -4.674445
<s>|19 16 -4.817751
<s>|19 24 -4.902053
<s>|19 23 -4.9251244
<s>|19 4 -5.028956
<s>|19 12 -5.0980821
<s>|19 8 -5.318017
<s>|19 25 -5.3254611
<s>|19 18 -5.475231
<s>|19 27 -5.6708111
<s>|19 26 -6.253534
<s>|18 20 -3.116433
<s>|18 2 -3.1313561
<s>|18 10 -3.19716
<s>|18 6 -3.253909
<s>|18 3 -3.2888701
<s>|18 5 -3.752486
<s>|18 21 -3.79715
<s>|18 22 -4.087832
<s>|18 14 -4.136452
<s>|18 15 -4.649274
<s>|18 4 -4.674526
<s>|18 13 -4.8619546
<s>|18 8 -4.8650463
<s>|18 7 -4.8847455
<s>|18 17 -4.899792
<s>|18 24 -4.9598749
<s>|18 9 -5.02823
<s>|18 16 -5.2473
<s>|18 19 -5.253073
<s>|18 11 -5.31754
<s>|18 1 -5.317605
<s>|18 23 -5.3546734
<s>|18 12 -5.5276311
<s>|18 25 -5.7550101
<s>|18 18 -5.90478
<s>|18 27 -6.1003601
<s>|18 26 -6.683083
